1.25
1.25
1.87
2.50
4.37
6.25
10.6
16.2
28.7
48.1
81.2
90.0
81.8
87.5
86.2
85.0
84.3
85.0
86.2
85.6
84.3
90.0
81.8
83.1
85.0
83.1
90.6
85.6
86.8
91.2
86.8
84.3
87.5
88.1
0.62
0.62
0.62
1.87
4.37
8.75
11.2
20.6
36.8
57.5
85.0
89.3
91.8
89.3
90.6
91.2
90.0
88.7
85.6
93.7
84.3
83.1
88.1
90.0
91.8
86.8
85.0
89.3
88.1
90.0
88.1
90.0
88.1
85.6
88.7
90.0
89.3
85.6
86.8
88.1
88.1
86.8
89.3
91.8
91.2
85.0
89.3
91.2
88.1
91.2
85.6
90.6
91.2
88.7
84.3
85.6
88.1
87.5
90.0
91.2
92.5
86.2
91.8
88.1
88.1
91.2
