35.00
68.75
93.75
88.12
93.12
91.25
90.62
90.00
91.87
90.00
87.50
87.50
88.75
95.00
95.00
88.12
92.50
88.75
90.00
88.12
91.25
88.12
89.37
91.87
81.87
93.75
91.25
88.75
93.12
93.12
90.00
86.87
93.12
91.25
89.37
86.25
91.25
90.62
92.50
91.25
87.50
90.00
90.62
81.87
86.87
83.12
86.25
85.00
87.50
87.50
90.62
86.87
86.25
91.87
90.00
88.12
85.00
86.25
83.75
86.25
88.75
81.25
88.75
89.37
85.00
88.12
85.62
91.87
90.62
82.50
92.50
89.37
90.00
91.87
90.62
90.00
81.87
93.12
86.25
85.00
90.00
92.50
86.87
89.37
83.75
90.62
84.37
89.37
93.12
86.87
79.37
85.62
91.87
87.50
90.00
86.87
87.50
87.50
85.00
86.25
