1 128.660126 2.273005
2 128.766159 4.238393
3 128.652069 6.125390
4 128.653122 8.299005
5 128.653122 10.188801
6 128.651718 11.976758
7 128.672379 13.978192
8 128.653122 15.942181
9 128.653122 18.297426
10 128.674118 19.973745
11 128.653473 22.810190
12 128.652771 24.602697
13 128.652069 25.715927
14 128.652771 28.753248
15 128.653473 31.578495
16 128.652420 33.351402
17 128.736069 33.895596
18 128.671326 35.684952
19 128.670273 38.558842
20 128.650330 41.036922
21 128.683578 41.656357
22 128.670624 44.040649
23 128.652771 47.132568
24 128.652069 48.379131
25 128.652771 50.100597
26 128.651031 51.440250
27 128.671326 53.408791
28 128.652069 55.365780
29 128.726273 57.225479
30 128.653122 60.064720
31 128.652069 62.718136
32 128.653122 63.659534
33 128.670975 65.204620
34 128.670624 66.932381
35 128.730469 68.982109
36 128.652420 73.024872
37 128.652420 75.266380
38 128.651718 77.891800
39 128.731873 77.514191
40 128.670975 81.753983
41 128.653122 81.780930
42 128.653122 86.907875
43 128.652420 85.515030
44 128.670624 87.216896
45 128.652069 89.596291
46 128.668869 91.447586
47 128.651718 93.452873
48 128.652771 95.396561
49 128.649979 97.049431
50 128.670975 99.185249
51 128.669571 101.177238
52 128.649979 102.962395
53 128.670273 106.628952
54 128.652069 109.520340
55 128.651031 109.587883
56 128.668167 110.897087
57 128.670975 113.592148
58 128.765106 114.946152
59 128.651718 116.544434
60 128.670975 119.494263
61 128.706665 121.298317
62 128.669571 125.524109
63 128.735016 124.804939
64 128.650681 126.753181
65 128.669220 128.606934
66 128.712967 130.618515
67 128.737808 132.339279
68 128.856445 134.811768
69 128.650681 136.246262
70 128.669922 138.268692
71 128.672028 142.910934
72 128.755661 147.225266
73 128.730118 144.453918
74 128.670273 148.549881
75 128.668869 148.038940
76 128.669571 152.236374
77 128.652771 154.273163
78 128.654175 157.565613
79 128.670975 161.784058
80 128.651718 158.847870
81 128.649628 161.147827
82 128.654175 164.194244
83 128.668869 164.974304
84 128.670975 167.749512
85 128.650330 168.938675
86 128.652771 171.408020
87 128.653473 176.410721
88 128.670624 174.381989
89 128.652069 177.451859
90 128.651718 179.840698
91 128.651718 181.652115
92 128.652069 182.436020
93 128.671326 184.955048
94 128.653824 188.051163
95 128.731873 187.705750
96 128.670975 193.662811
97 128.669922 192.943985
98 128.668518 196.530060
99 128.651718 197.392715
100 128.651382 200.089172
101 128.674820 204.741226
102 128.670624 201.141510
103 128.652069 204.728271
104 128.653824 207.672852
105 128.652420 208.570511
106 128.652420 212.873642
107 128.651718 214.250748
108 128.669922 215.820679
109 128.670975 218.149323
110 128.653824 218.012833
111 128.650330 219.088272
112 128.652771 223.208023
113 128.652069 223.780914
114 128.671677 225.845688
115 128.652771 228.651337
116 128.652420 229.523788
117 128.682877 232.549225
118 128.670624 233.147308
119 128.652069 237.511688
120 128.652069 240.075165
121 128.669220 238.996567
122 128.653473 241.355667
123 128.650330 242.900406
124 128.671326 245.306046
125 128.653473 249.012146
126 128.652420 248.655182
127 128.669220 250.685318
128 128.746216 253.361832
129 128.679718 257.885101
130 128.660477 256.967499
131 128.659424 260.282318
132 128.659775 261.359528
133 128.660477 265.044617
134 128.659073 263.927887
135 128.680420 273.166901
136 128.680069 270.990814
137 128.660828 269.653625
138 128.680069 273.761810
139 128.658371 274.507599
140 128.659775 279.414063
141 128.659424 279.902618
142 128.678665 283.055786
143 128.679718 282.589264
144 128.660477 287.344208
145 128.661179 286.908142
146 128.678329 288.346863
147 128.679367 298.813538
148 128.660126 299.439606
149 128.685318 300.761414
150 128.677628 299.547394
151 128.686722 300.149323
152 128.659073 302.933990
153 128.741669 302.392578
154 128.660477 303.925415
155 128.659424 312.031952
156 128.661530 309.481415
157 128.661179 311.322235
158 128.679016 313.530121
159 128.661179 315.770935
160 128.660126 317.109558
161 128.660828 318.229767
162 128.661179 321.009888
163 128.661530 323.298279
164 128.679718 325.456848
165 128.680069 327.493286
166 128.679367 329.208801
167 128.661179 332.138672
168 128.662918 332.254517
169 128.679718 334.253510
170 128.679718 336.091858
171 128.678665 338.534943
172 128.661880 342.339386
173 128.662216 343.716492
174 128.679016 346.152557
175 128.678665 346.661774
176 128.660126 349.051666
177 128.676575 353.480072
178 128.677628 354.983856
179 128.661880 353.934326
180 128.660828 355.657532
181 128.660477 358.328796
182 128.660828 359.451141
183 128.660477 363.576843
184 128.677277 362.650146
185 128.679718 367.358887
186 128.664673 371.476898
187 128.659424 371.196228
188 128.734665 372.746552
189 128.661880 388.859497
190 128.660477 377.281006
191 128.661530 376.805756
192 128.680420 384.790161
193 131.523514 382.923096
194 131.525269 383.991882
195 131.524216 385.474335
196 131.545212 388.221527
197 131.525269 391.388336
198 131.600861 399.887512
199 131.542068 394.928558
200 131.542068 395.942383
201 131.524567 397.447937
202 131.526672 401.406372
203 131.525620 403.193268
204 131.542068 402.412140
205 131.523514 406.922119
206 131.542770 406.247742
207 131.544510 411.103821
208 131.524918 412.608643
209 131.524918 412.737091
210 131.541016 414.787872
211 131.541718 416.068390
212 131.523865 419.744385
213 131.523514 420.678772
214 131.623260 422.600433
215 131.523865 425.934875
216 131.544510 429.974487
217 131.526321 428.122467
218 131.544861 430.391296
219 131.544861 432.049042
220 131.523163 436.742737
221 131.523514 437.751678
222 131.606461 441.591125
223 131.524216 442.837677
224 131.525620 443.028412
225 131.525970 445.541138
226 131.542068 447.852997
227 131.523865 448.004547
228 131.544159 451.324615
229 131.525970 458.582153
230 131.542419 453.629120
231 131.543106 463.262878
232 131.525620 459.367096
233 131.523865 462.180817
234 131.525269 461.908875
235 131.632706 474.066223
236 131.542068 472.168030
237 131.523514 467.491119
238 131.597702 477.385254
239 131.543457 477.920349
240 131.523514 476.280426
241 131.525269 477.774414
242 131.543457 483.093506
243 131.541718 481.076324
244 131.524567 488.530853
245 131.542419 486.439850
246 131.525269 485.206207
247 131.525269 488.074524
248 131.541016 491.587097
249 131.524567 492.939697
250 131.603653 493.895782
251 131.543457 497.390167
252 131.526672 501.592499
253 131.525620 499.752747
254 131.525970 502.370819
255 131.523514 506.350952
256 131.523865 506.841949
257 137.171204 507.555511
258 133.924957 512.503296
259 133.531601 512.397217
260 133.924957 513.319397
261 133.625732 514.470764
262 137.169449 520.091187
263 133.530899 524.117493
264 137.171204 521.797241
265 134.007202 523.705200
266 133.942810 532.014038
267 133.999496 527.431946
268 133.645691 537.057312
269 133.529846 533.107300
270 137.170151 532.834656
271 137.170853 537.078003
272 137.187653 538.576538
273 133.926010 541.592834
274 133.528442 540.464905
275 133.608246 542.084167
276 133.530197 549.195740
277 133.528793 549.892212
278 137.187302 548.307922
279 133.925308 550.818909
280 133.924957 552.673706
281 133.531952 555.710999
282 133.530548 558.384399
283 133.528442 558.718933
284 133.530197 560.584595
285 133.946304 565.425598
286 137.190109 567.016907
287 133.530548 569.281128
288 137.294037 571.338562
289 133.528793 570.598083
290 133.945602 574.429810
291 137.170502 574.257996
292 137.170853 575.619690
293 137.171555 577.898254
294 137.172256 581.061584
295 137.188004 583.509583
296 137.172607 583.239075
297 133.926712 591.821533
298 137.172607 587.834778
299 133.551193 590.151123
300 133.604034 593.407898
301 133.528091 597.573181
302 133.567291 597.659241
303 133.550140 600.498108
304 133.947006 604.015259
305 137.172256 601.697083
306 133.924957 603.389893
307 137.171906 606.319397
308 133.944901 610.927734
309 133.555389 611.934570
310 133.557846 611.596130
311 133.926712 614.373779
312 133.551193 624.358215
313 133.549103 619.805542
314 134.363815 632.922852
315 133.606140 626.357910
316 137.172958 626.688232
317 137.192200 627.870789
318 133.583389 635.564026
319 133.552597 632.565552
320 133.924606 632.704834
321 145.813171 634.970459
322 138.654343 636.142517
323 138.892670 639.499695
324 138.872375 646.022278
325 145.835922 644.779907
326 138.866425 647.743042
327 145.875122 646.902100
328 138.750229 647.896667
329 138.655396 658.506104
330 138.891266 653.745972
331 138.867477 652.729980
332 138.750580 659.027222
333 138.874115 658.261169
334 138.752686 668.041931
335 138.875519 660.780884
336 138.750580 664.908325
337 145.814224 680.669617
338 138.752686 672.482910
339 138.734833 671.852661
340 145.899963 674.558899
341 145.812820 673.483093
342 138.619705 677.131836
343 138.731339 679.961975
344 138.680939 680.531006
345 138.874466 681.421326
346 138.753036 684.477539
347 138.732742 684.770813
348 138.874817 686.264099
349 138.598709 692.904602
350 138.891617 695.137756
351 145.817017 696.438171
352 138.873077 696.632446
353 138.931870 696.987610
354 145.812820 698.768250
355 138.780334 702.558655
356 138.781738 703.493103
357 138.761780 708.743591
358 145.831375 707.353149
359 145.894714 708.077942
360 138.912964 713.417297
361 138.853470 712.519287
362 138.873779 716.781128
363 145.813171 716.993591
364 145.816681 719.148987
365 138.874466 721.214111
366 138.915070 724.757507
367 138.913666 721.564758
368 145.812820 731.133423
369 138.783127 729.584839
370 145.812820 732.181946
371 138.781387 732.122437
372 145.906967 740.092468
373 138.761429 736.586914
374 138.801682 741.121704
375 138.916122 740.759155
376 145.832779 741.285828
377 138.872375 748.265503
378 145.813171 745.655151
379 138.914017 747.838196
380 138.912613 753.620605
381 138.779984 753.903381
382 145.813522 756.930542
383 145.814224 755.678772
384 145.814224 764.127563
385 156.142654 767.229980
386 155.984833 761.434570
387 155.931976 772.121033
388 156.042572 765.298157
389 155.999527 769.775940
390 156.703995 773.763428
391 155.983429 772.517517
392 155.940384 775.426086
393 155.984482 775.706360
394 156.703995 779.397766
395 155.981674 778.004944
396 156.060425 783.291809
397 156.123062 783.100769
398 156.003372 784.841125
399 156.122711 798.798645
400 156.123764 792.259583
401 156.068817 794.608215
402 156.206009 791.523254
403 155.982025 795.255981
404 156.033829 800.249268
405 155.984131 800.006042
406 155.915878 806.555237
407 155.984482 804.406433
408 155.914490 819.047791
409 155.985184 807.463379
410 156.722900 818.353821
411 155.983429 813.094971
412 155.965927 817.920227
413 156.001282 814.944885
414 156.702255 819.595886
415 156.002319 820.955444
416 155.916229 821.976990
417 156.784836 825.240723
418 155.996368 827.666016
419 155.979584 830.499268
420 156.006531 829.584106
421 156.221756 839.086670
422 155.916229 833.113159
423 156.125519 835.125061
424 156.284744 843.022339
425 156.043625 843.886719
426 156.005127 852.145874
427 155.983429 847.645691
428 155.981323 846.148560
429 155.914139 853.857849
430 155.983078 849.171875
431 156.122360 856.866150
432 156.702255 859.863586
433 155.981323 875.308777
434 155.963837 862.114197
435 156.126556 864.113831
436 156.011429 862.619141
437 156.058670 869.586914
438 155.965225 874.696716
439 155.985519 873.157959
440 156.702255 870.925842
441 155.998825 872.789063
442 156.038727 877.426086
443 156.124466 878.558533
444 156.046768 879.449219
445 156.118515 880.135803
446 156.146164 884.910034
447 155.965927 896.654053
448 155.915527 887.013611
449 173.281708 888.773926
450 170.067307 891.960327
451 170.133804 894.127991
452 170.153397 898.226440
453 170.089706 901.364868
454 173.304810 901.738281
455 170.211838 897.349426
456 170.133102 900.273682
457 173.304810 904.830566
458 170.063461 907.835693
459 170.087952 912.229126
460 170.087601 916.012878
461 170.156204 913.742676
462 173.304459 916.079041
463 173.280655 919.865295
464 173.283112 917.854065
465 170.251740 919.078552
466 170.132401 922.091736
467 173.281357 923.021973
468 170.065552 925.641052
469 170.132401 927.906006
470 170.064163 930.272827
471 170.133804 936.594543
472 170.146057 933.173645
473 173.428345 934.940613
474 173.282059 941.780640
475 173.436401 952.767334
476 170.132751 945.884644
477 170.148499 946.965698
478 170.213593 944.568420
479 170.064514 944.809570
480 173.282761 949.403137
481 173.466492 947.822021
482 173.447937 954.475159
483 170.063812 959.822571
484 173.466492 959.545776
485 170.216385 960.643616
486 170.135544 960.906738
487 173.355209 964.206543
488 170.219543 973.106079
489 173.281708 966.471497
490 170.066254 970.057556
491 170.204849 969.786377
492 173.282410 974.767700
493 173.466141 982.304504
494 173.466492 977.392090
495 170.065216 981.725342
496 170.211838 986.916687
497 170.065552 983.051331
498 170.088654 992.396729
499 173.283813 1001.996887
500 173.468246 991.616638
501 170.067307 1019.384033
502 170.253845 993.467224
503 173.466141 998.248108
504 173.284164 1000.819275
505 170.214294 998.760803
506 170.132050 1009.032532
507 173.467194 1001.301514
508 173.485382 1004.051147
509 173.282761 1006.298279
510 170.066254 1023.440491
511 173.306564 1009.855957
512 170.132751 1014.160889
513 171.712479 1014.459717
514 171.650543 1018.075928
515 178.687927 1023.386230
516 178.687225 1024.881592
517 171.714584 1022.214905
518 173.495193 1024.157227
519 171.655792 1046.759888
520 178.686523 1030.954468
521 171.749924 1032.137329
522 178.690735 1037.374268
523 171.631638 1046.367920
524 171.631638 1043.099976
525 178.687927 1034.847534
526 171.628845 1041.552734
527 178.687927 1053.449707
528 178.686172 1044.449707
529 178.687927 1048.921631
530 178.689331 1046.563232
531 173.466843 1047.537842
532 178.713120 1059.823242
533 178.847855 1076.870239
534 171.631638 1072.988770
535 178.806915 1063.860474
536 178.768066 1060.051758
537 171.655792 1079.156250
538 178.770172 1062.552979
539 178.689331 1079.460693
540 178.687225 1078.099976
541 178.686874 1076.671875
542 173.467194 1081.281860
543 171.704788 1094.200439
544 173.551529 1095.175049
545 178.688980 1103.988525
546 180.147964 1128.519409
547 180.147964 1113.914063
548 180.232666 1110.156616
549 171.631287 1112.743530
550 171.717728 1108.834717
551 180.150772 1104.334595
552 180.149719 1102.465820
553 180.237564 1107.730957
554 171.715973 1117.387085
555 171.717377 1122.301636
556 180.230560 1126.739136
557 180.315948 1118.363892
558 180.149719 1131.270142
559 171.634094 1119.499512
560 178.798172 1113.335938
561 178.709274 1110.004395
562 180.147614 1114.964722
563 180.222168 1115.277954
564 180.151474 1117.060303
565 171.654739 1126.315430
566 180.231262 1119.269531
567 171.712830 1121.360962
568 180.227768 1129.110229
569 180.147614 1129.041260
570 180.235458 1125.371216
571 171.658234 1135.310059
572 180.148666 1134.880005
573 180.228119 1137.841064
574 180.148666 1147.385864
575 180.150070 1141.467651
576 180.146927 1136.387939
577 194.441833 1151.291138
578 193.524933 1142.052856
579 193.527374 1146.024170
580 193.548370 1146.337036
581 193.591766 1146.126099
582 193.535080 1159.624390
583 194.440781 1155.889282
584 194.440430 1165.282959
585 193.537170 1159.405029
586 193.526321 1157.099487
587 193.534378 1166.882324
588 194.437973 1165.174805
589 194.461777 1171.029297
590 194.438675 1167.363892
591 193.566223 1177.068359
592 193.598068 1169.170654
593 194.461075 1179.824219
594 193.535080 1176.402710
595 193.606827 1178.543335
596 193.524231 1177.244629
597 193.525284 1178.333008
598 193.543121 1182.105713
599 194.516724 1188.056030
600 193.600876 1185.148193
601 193.533676 1186.974731
602 194.614014 1196.877930
603 193.527023 1197.166260
604 193.526321 1192.766602
605 193.689758 1197.362671
606 193.533325 1198.089111
607 193.548370 1200.401733
608 194.439026 1200.795044
609 194.441833 1217.663208
610 194.519516 1208.016479
611 193.614166 1208.693359
612 194.443222 1207.769409
613 194.439377 1212.557251
614 193.607162 1212.596069
615 193.524231 1218.527222
616 193.557129 1227.737549
617 194.515320 1227.618896
618 193.535080 1230.803223
619 194.474380 1236.687866
620 193.524582 1224.211060
621 194.446381 1239.757080
622 193.616272 1233.041626
623 193.533325 1231.157471
624 193.606476 1233.321289
625 194.519165 1235.432861
626 194.440781 1241.536621
627 193.525635 1242.160889
628 193.613464 1245.544312
629 194.522324 1243.284668
630 193.525635 1244.672607
631 193.526672 1247.702271
632 193.526672 1271.205322
633 193.527023 1248.972656
634 194.440781 1261.166382
635 193.615570 1256.530396
636 194.439026 1261.568115
637 194.520218 1258.950684
638 193.533325 1265.145020
639 194.523376 1260.480713
640 194.526871 1269.175903
641 220.149704 1266.819946
642 222.045105 1270.320313
643 220.150406 1269.400635
644 220.147614 1276.564331
645 220.147614 1277.546265
646 220.172104 1282.865356
647 220.229492 1277.817505
648 220.257492 1279.165649
649 220.229843 1287.561890
650 220.148300 1286.351074
651 222.067505 1290.854004
652 220.150406 1294.580688
653 220.147263 1296.293457
654 220.228806 1294.169189
655 220.147614 1305.030640
656 222.119995 1298.047485
657 220.231949 1301.056763
658 220.229141 1300.873413
659 220.149353 1300.234375
660 220.150757 1303.962158
661 222.046860 1302.628052
662 220.172104 1313.273315
663 220.148651 1312.958618
664 220.150055 1318.026123
665 220.148651 1316.175903
666 220.148300 1320.502075
667 220.150757 1315.143799
668 220.150055 1318.382690
669 220.226700 1322.423706
670 220.172806 1330.230713
671 222.110901 1324.095093
672 220.148300 1331.118896
673 222.045807 1335.893799
674 222.045807 1337.618042
675 220.147964 1350.258301
676 220.228806 1337.642212
677 222.068893 1346.301636
678 220.151810 1343.591919
679 220.229843 1343.394897
680 221.087952 1355.324707
681 220.148651 1345.703857
682 222.046158 1351.615479
683 220.147614 1346.699219
684 222.044052 1353.844727
685 220.250839 1356.424316
686 221.162155 1360.947876
687 220.148300 1361.547363
688 220.148651 1366.186523
689 222.044754 1362.853149
690 221.108246 1366.876587
691 220.148651 1371.017700
692 220.148300 1368.741211
693 220.148300 1370.900146
694 220.149704 1373.619751
695 221.086212 1372.076782
696 222.045105 1372.337402
697 221.084106 1380.218262
698 220.199051 1379.534790
699 221.168091 1384.186157
700 220.148651 1382.044678
701 220.149704 1388.587646
702 220.147614 1389.018066
703 220.173157 1393.363525
704 221.167740 1395.374390
705 242.607834 1391.274658
706 240.175598 1394.330811
707 242.587540 1399.175049
708 242.586838 1396.272705
709 240.175247 1402.415283
710 242.665222 1404.698486
711 240.263794 1407.688477
712 240.256439 1408.599854
713 240.259232 1408.572876
714 240.174896 1414.059570
715 240.177002 1417.983032
716 240.177002 1412.686646
717 242.607834 1424.727539
718 242.668030 1419.101807
719 240.178391 1420.972412
720 242.685883 1427.435547
721 240.258194 1426.569336
722 240.176651 1433.961304
723 240.199051 1431.355469
724 240.176651 1433.092285
725 240.174545 1440.907593
726 240.175247 1439.923950
727 242.664536 1439.500488
728 240.176300 1443.485107
729 240.175598 1442.173096
730 240.292831 1445.105103
731 240.178391 1449.261597
732 240.175598 1458.485962
733 240.298782 1450.700317
734 240.198700 1465.263916
735 240.244537 1456.948853
736 240.175949 1453.327148
737 245.289597 1458.537720
738 242.610291 1463.759155
739 245.884186 1467.934570
740 246.037460 1462.264038
741 245.971664 1464.293213
742 245.883484 1465.805420
743 242.652985 1467.028076
744 245.885239 1475.598999
745 245.908676 1472.356323
746 240.198349 1478.000854
747 245.882431 1474.599854
748 245.903778 1481.760864
749 240.175598 1479.645996
750 245.880676 1483.082642
751 245.289948 1502.608398
752 245.971664 1489.865234
753 240.174896 1486.463257
754 242.585785 1491.544678
755 245.287842 1498.315063
756 240.175247 1491.546509
757 242.583694 1499.371582
758 245.964325 1502.645142
759 240.175598 1501.934448
760 242.705124 1500.128662
761 245.885239 1519.376587
762 240.177704 1510.949097
763 245.881378 1509.019775
764 240.174896 1508.693970
765 245.884186 1523.627197
766 240.177002 1513.087769
767 242.694275 1516.405029
768 240.179092 1524.172729
769 253.544510 1519.097656
770 253.677841 1524.377197
771 253.522110 1525.393799
772 253.520706 1534.751831
773 253.521759 1527.595459
774 253.518600 1530.723389
775 253.675034 1537.619385
776 253.545898 1550.947632
777 253.522110 1538.361938
778 253.521057 1541.320557
779 253.521759 1537.034180
780 253.603653 1541.666016
781 253.520706 1547.057129
782 253.519302 1558.326294
783 253.520355 1556.474976
784 253.520355 1548.182617
785 253.519653 1552.438110
786 253.520355 1558.770752
787 253.518951 1555.369751
788 253.519653 1558.205566
789 253.542404 1567.204468
790 253.587906 1557.097534
791 253.519653 1563.091675
792 253.640396 1574.032959
793 253.521408 1568.288696
794 253.605042 1569.092529
795 253.544159 1571.678101
796 253.530151 1585.244629
797 253.643188 1575.472046
798 253.519302 1577.531128
799 253.616943 1586.615845
800 253.521408 1599.927002
801 256.599335 1582.223755
802 256.603180 1583.001465
803 256.601440 1592.264526
804 256.604584 1588.489868
805 256.622772 1597.651489
806 256.599335 1598.834717
807 256.604919 1600.211548
808 256.603882 1593.456177
809 256.600739 1602.055786
810 256.687531 1601.008789
811 256.604218 1599.945923
812 256.678406 1604.284668
813 256.605286 1606.652954
814 256.605621 1608.244507
815 256.743500 1611.578979
816 256.600372 1614.979248
817 256.603516 1613.983643
818 256.683319 1616.478149
819 256.599670 1622.071167
820 256.600372 1618.863403
821 256.602478 1626.616577
822 256.624176 1636.105103
823 256.679108 1624.718628
824 256.680511 1629.214233
825 256.604584 1628.702271
826 256.601074 1650.587158
827 256.600037 1635.142334
828 256.714813 1641.683105
829 256.628021 1653.288574
830 256.597931 1639.386597
831 256.601074 1643.335938
832 256.605286 1640.201050
833 297.270203 1647.570801
834 297.267029 1650.804565
835 297.351746 1650.053101
836 297.333527 1651.903442
837 297.351746 1658.927124
838 297.266693 1657.151733
839 297.269836 1656.239380
840 297.386383 1665.948120
841 297.348236 1661.074463
842 297.291534 1668.727783
843 297.334595 1664.092896
844 297.267731 1674.075195
845 297.266693 1674.338013
846 297.292938 1685.866577
847 297.266693 1679.698486
848 297.289795 1680.563843
849 297.290497 1685.141357
850 297.353485 1683.585449
851 297.269135 1697.217896
852 297.290131 1687.192139
853 297.294342 1702.517334
854 297.267395 1691.272095
855 297.290131 1692.376221
856 297.386719 1694.703735
857 297.267029 1699.719482
858 297.269836 1697.889526
859 297.342987 1701.345703
860 297.269501 1704.548584
861 297.420319 1702.063110
862 297.349640 1707.951904
863 297.346832 1708.555664
864 297.351044 1707.096313
865 297.383942 1710.973145
866 297.401428 1712.390137
867 297.478058 1716.841675
868 297.314972 1715.278442
869 297.402832 1715.433105
870 297.401764 1719.846436
871 297.463013 1717.384155
872 297.390930 1719.945557
873 297.316040 1729.852539
874 297.314972 1726.674561
875 297.389191 1728.481445
876 297.315674 1729.629639
877 297.317078 1734.993164
878 297.316376 1734.153931
879 297.317780 1740.147095
880 297.395477 1737.635010
881 297.317444 1740.934814
882 297.315338 1742.155884
883 297.339478 1748.562622
884 297.317444 1753.613281
885 297.316040 1750.565796
886 297.389526 1783.468506
887 297.314636 1754.556396
888 297.317780 1756.687378
889 297.318848 1753.576904
890 297.405640 1759.504517
891 297.397583 1757.707153
892 297.398621 1760.082642
893 297.317444 1793.666504
894 297.323395 1815.222046
895 297.339142 1806.846069
896 297.401428 1839.194824
897 308.794434 1801.107666
898 311.606049 1791.372803
899 297.396515 1806.839355
900 308.884399 1777.928955
901 297.318848 1780.358398
902 308.873901 1782.876709
903 297.316040 1781.111572
904 297.469666 1787.672607
905 311.604980 1797.777466
906 297.316040 1787.272583
907 297.340546 1793.148804
908 297.394775 1795.749390
909 311.604645 1792.867798
910 308.790955 1796.408081
911 308.792694 1807.001709
912 311.608490 1815.204224
913 297.394073 1811.233521
914 308.815796 1812.861206
915 297.314972 1807.131226
916 297.316742 1808.638184
917 297.315674 1815.787598
918 297.428711 1813.599976
919 308.791656 1819.723267
920 308.791656 1819.895020
921 311.606384 1832.635742
922 308.793396 1824.997559
923 297.400391 1823.091919
924 308.877747 1826.088013
925 297.408417 1829.618408
926 297.316742 1854.899658
927 311.605347 1832.733765
928 308.901886 1832.993164
929 311.610229 1839.373291
930 311.693542 1834.644531
931 311.692139 1838.921143
932 311.609558 1850.619629
933 311.610931 1841.296997
934 311.719421 1846.933105
935 311.679871 1849.644287
936 311.608154 1849.937256
937 305.943665 1849.651367
938 311.604645 1850.741089
939 311.629486 1858.325439
940 311.609192 1863.279541
941 311.606384 1856.488159
942 311.609192 1866.563599
943 311.605682 1866.207275
944 311.604980 1875.591187
945 311.611298 1872.412476
946 311.607452 1868.744873
947 311.690735 1871.391357
948 311.604645 1879.868408
949 305.946106 1895.115234
950 311.608856 1878.739502
951 311.606750 1875.878906
952 311.608856 1879.352295
953 311.866058 1899.564331
954 311.686890 1888.104858
955 311.605682 1886.869141
956 311.687927 1893.425293
957 311.760040 1891.866211
958 311.607452 1901.950317
959 306.018890 1894.273193
960 305.946442 1902.801514
961 334.471527 1898.621826
962 325.925446 1905.217651
963 328.872833 1899.787964
964 334.471863 1924.834351
965 334.471863 1904.447754
966 328.750336 1912.085938
967 328.753479 1914.016724
968 328.751404 1921.823975
969 326.022034 1912.629150
970 328.825592 1915.981445
971 325.901306 1925.029297
972 325.898865 1922.612793
973 334.552368 1924.205566
974 328.750702 1925.201538
975 334.472565 1929.067261
976 328.751038 1930.428955
977 334.553070 1935.423218
978 328.753479 1944.681519
979 325.902008 1932.320435
980 334.472229 1942.488281
981 334.472931 1945.884644
982 325.985291 1941.375732
983 328.751740 1937.872559
984 334.473633 1943.467773
985 325.899902 1946.474731
986 325.900604 1956.980835
987 328.834686 1952.462891
988 325.924042 1955.433350
989 325.902008 1953.529175
990 334.530670 1958.649170
991 334.472229 1956.824829
992 325.972351 1962.877075
993 334.586670 1959.524048
994 334.473969 1964.978638
995 328.750336 1974.883179
996 328.838898 1969.098389
997 334.471191 1968.671021
998 334.474335 1974.284424
999 328.750000 1979.123291
1000 334.554810 1984.315430
